{
 "cells": [
  {
   "cell_type": "code",
   "execution_count": null,
   "metadata": {
    "collapsed": true
   },
   "outputs": [],
   "source": [
    "# a Singular Value Decomposition demo"
   ]
  },
  {
   "cell_type": "code",
   "execution_count": 10,
   "metadata": {
    "collapsed": false
   },
   "outputs": [
    {
     "name": "stdout",
     "output_type": "stream",
     "text": [
      "U\n",
      "[[ -5.24124930e-01  -5.72859145e-01   9.54463014e-02   3.83228493e-01\n",
      "   -1.76963375e-01  -1.76092183e-01  -4.19185600e-01  -5.57702732e-02]\n",
      " [ -5.94438071e-01   6.30120664e-01  -1.70207779e-01   3.10038363e-01\n",
      "    1.84062339e-01  -2.34777849e-01   1.29535474e-01   1.36813128e-01]\n",
      " [ -2.56274005e-01   2.74017533e-01   1.59810848e-01  -5.55111512e-16\n",
      "   -5.78984617e-01   6.36550929e-01  -6.10622664e-16  -3.05414877e-01]\n",
      " [ -2.85637408e-01  -2.47912130e-01   3.54610324e-01  -7.31901294e-02\n",
      "    4.45784489e-01   8.36141432e-02   5.48721075e-01  -4.68012411e-01]\n",
      " [ -1.93139313e-01   3.38495048e-02  -5.00790405e-01  -4.28462480e-01\n",
      "    3.47110226e-01   1.55483227e-01  -4.68663749e-01  -4.03576557e-01]\n",
      " [ -3.05134684e-01  -2.93988990e-01  -2.23433593e-01  -1.91614246e-01\n",
      "    1.27460940e-01   4.91219408e-01   2.09592800e-01   6.57535375e-01]\n",
      " [ -1.82489837e-01  -1.61027767e-01  -3.97842428e-01  -3.83228493e-01\n",
      "   -5.12923221e-01  -4.27574417e-01   4.19185600e-01  -1.18313828e-01]\n",
      " [ -2.46898426e-01   1.57254762e-01   5.92991677e-01  -6.20076727e-01\n",
      "   -3.21868120e-02  -2.31065080e-01  -2.59070949e-01   2.37976916e-01]]\n",
      "s\n",
      "[ 2.75726275  2.678248    1.89221277  1.61803399  1.19154564  0.94833983\n",
      "  0.61803399  0.56999221]\n",
      "Vh\n",
      "[[ -5.24124930e-01  -5.94438071e-01  -2.56274005e-01  -2.85637408e-01\n",
      "   -1.93139313e-01  -3.05134684e-01  -1.82489837e-01  -2.46898426e-01]\n",
      " [  5.72859145e-01  -6.30120664e-01  -2.74017533e-01   2.47912130e-01\n",
      "   -3.38495048e-02   2.93988990e-01   1.61027767e-01  -1.57254762e-01]\n",
      " [ -9.54463014e-02   1.70207779e-01  -1.59810848e-01  -3.54610324e-01\n",
      "    5.00790405e-01   2.23433593e-01   3.97842428e-01  -5.92991677e-01]\n",
      " [  3.83228493e-01   3.10038363e-01  -5.55111512e-16  -7.31901294e-02\n",
      "   -4.28462480e-01  -1.91614246e-01  -3.83228493e-01  -6.20076727e-01]\n",
      " [ -1.76963375e-01   1.84062339e-01  -5.78984617e-01   4.45784489e-01\n",
      "    3.47110226e-01   1.27460940e-01  -5.12923221e-01  -3.21868120e-02]\n",
      " [  1.76092183e-01   2.34777849e-01  -6.36550929e-01  -8.36141432e-02\n",
      "   -1.55483227e-01  -4.91219408e-01   4.27574417e-01   2.31065080e-01]\n",
      " [  4.19185600e-01  -1.29535474e-01  -5.55111512e-16  -5.48721075e-01\n",
      "    4.68663749e-01  -2.09592800e-01  -4.19185600e-01   2.59070949e-01]\n",
      " [ -5.57702732e-02   1.36813128e-01  -3.05414877e-01  -4.68012411e-01\n",
      "   -4.03576557e-01   6.57535375e-01  -1.18313828e-01   2.37976916e-01]]\n"
     ]
    },
    {
     "data": {
      "image/png": "iVBORw0KGgoAAAANSUhEUgAAAiwAAAFqCAYAAAA5ngEFAAAABHNCSVQICAgIfAhkiAAAAAlwSFlz\nAAALEgAACxIB0t1+/AAAF8NJREFUeJzt3X+Q3PV93/HnC8nENthAQWZsgQom2EJpjQYuGMfElQ0l\niKRVSUgLJhATTzSaGjvTlg5Mm8S4TKfJTN24Lj8UDcWETGwcA8aKiwFPYxvboFgSAQmBcWSIQeAM\nYFMcGQwWvPvHfhUdh053Ot3tfm7v+Zi5ud3vfnfvvV+Om6e++93vpqqQJElq2X6DHkCSJGkiBosk\nSWqewSJJkppnsEiSpOYZLJIkqXkGiyRJap7BoqGW5NokTya5f5zbk+STSbYm2ZTkhH7PKEmamMGi\nYXcdcMYebl8OHNt9rQSu7sNMkqS9ZLBoqFXVncAP97DKCuD66lkHHJzkzf2ZTpI0WQaL5rqFwGOj\nrm/rlkmSGjJ/0ANIs0WSlfReNuKAAw44cfHixQOeSJJml40bNz5dVQumcl+DRXPd48CRo64f0S17\nlapaA6wBGBkZqQ0bNsz8dJI0RJJ8b6r39SUhzXVrgQu6dwudDDxbVd8f9FCSpFdyD4uGWpLPAMuA\nw5JsAz4KvAagqlYDtwJnAluB54ALBzOpJGlPDBYNtao6d4LbC/hQn8aRJE2RLwlJkqTmGSySJKl5\nBoskSWqewSJJkppnsEiSpOYZLJIkqXkGiyRJap7BIkmSmmewSJKk5hkskiSpeQaLJElqnsEiSZKa\nZ7BIkqTmGSySJKl5BoskSWqewSJJkppnsEiSpOYZLJIkqXkGiyRJap7BIkmSmmewSJKk5hkskiSp\neQaLJElqnsEiSZKaZ7BIkqTmGSySJKl5BoskSWqewSJJkppnsEiSpOYZLJIkqXkGiyRJap7BIkmS\nmmewSJKk5hkskiSpeQaLJElqnsGioZfkjCQPJdma5NLd3H5Qkr9Icl+SLUkuHMSckqTxGSwaaknm\nAVcCy4ElwLlJloxZ7UPAA1V1PLAM+HiS/fs6qCRpjwwWDbuTgK1V9XBVvQjcAKwYs04Bb0gS4EDg\nh8CO/o4pSdoTg0XDbiHw2Kjr27plo10BHAc8AWwGfqeqXh77QElWJtmQZMNTTz01U/NKknbDYJHg\nl4B7gbcAS4Erkrxx7EpVtaaqRqpqZMGCBf2eUZLmNINFw+5x4MhR14/olo12IXBz9WwFHgEW92k+\nSdIkGCwaduuBY5Mc3R1Iew6wdsw6jwKnAiQ5HHg78HBfp5Qk7dH8QQ8gzaSq2pHkIuB2YB5wbVVt\nSbKqu301cDlwXZLNQIBLqurpgQ0tSXoVg0VDr6puBW4ds2z1qMtPAKf3ey5J0uT5kpAkSWqewSJJ\nkppnsEiSpOYZLJIkqXkGiyRJap7BIkmSmmewSJKk5hkskiSpeQaLJElqnsEiSZKaZ7BIkqTmGSyS\nJKl5BoskSWqewSJJkppnsEiSpOYZLJIkqXkGiyRJap7BIkmSmmewSJKk5hkskiSpeQaLJElqnsEi\nSZKaZ7BIkqTmGSySJKl5EwZLku3d97ckubG7/IEkV8z0cJIkSQDzJ7tiVT0BnD2Ds0iSJO3WpF8S\nSnJUkvt3s/yXk9yd5LAkC5LclGR99/Xu6R1XkiTNRZPew7I7Sc4C/j1wZlU9k+TTwB9V1TeSLAJu\nB46bhjklSdIcti/B8j5gBDi9qn7ULTsNWJJk5zpvTHJgVW3fh58jSZLmuH0Jlu8CbwXeBmzolu0H\nnFxVP9nXwSRJknbal7c1fw/4NeD6JD/XLbsD+PDOFZIs3YfHlyRJAvbxPCxV9W3gPOBzSY4BPgKM\nJNmU5AFg1TTMKEmS5rhU1aBnkGadkZGR2rBhw8QrSpL+QZKNVTUylft6pltJktQ8g0VDL8kZSR5K\nsjXJpeOssyzJvUm2JPlav2eUJO3ZPp2HRWpdknnAlcA/B7YB65OsraoHRq1zMHAVcEZVPZrkTYOZ\nVpI0HvewaNidBGytqoer6kXgBmDFmHXeD9xcVY8CVNWTfZ5RkjQBg0XDbiHw2Kjr27plo70NOCTJ\nV5NsTHJB36aTJE2KLwlJvf8PTgROBV4H3J1kXVV9Z/RKSVYCKwEWLVrU9yElaS5zD4uG3ePAkaOu\nH9EtG20bcHtV/biqngbuBI4f+0BVtaaqRqpqZMGCBTM2sCTp1QwWDbv1wLFJjk6yP3AOsHbMOl8A\nTkkyP8nrgXcCD/Z5TknSHviSkIZaVe1IchG9Tw6fB1xbVVuSrOpuX11VDya5DdgEvAxcU1X3D25q\nSdJYnulWmgLPdCtJe88z3UqSpKFmsEiSpOYZLJIkqXkGiyRJap7BIkmSmmewSJKk5hkskiSpeQaL\nJElqnsEiSZKaZ7BIkqTmGSySJKl5BoskSWqewSJJkppnsEiSpOYZLJIkqXkGiyRJap7BIkmSmmew\nSJKk5hkskiSpeQaLJElqnsEiSZKaZ7BIkqTmGSySJKl5BoskSWqewSJJkppnsEiSpOYZLJIkqXkG\niyRJap7BIkmSmmewSJKk5hkskiSpeQaLJElqnsEiSZKaZ7BIkqTmGSySJKl5BouGXpIzkjyUZGuS\nS/ew3s8n2ZHk7H7OJ0mamMGioZZkHnAlsBxYApybZMk46/0hcEd/J5QkTYbBomF3ErC1qh6uqheB\nG4AVu1nvw8BNwJP9HE6SNDkGi4bdQuCxUde3dcv+QZKFwFnA1Xt6oCQrk2xIsuGpp56a9kElSeMz\nWCT4BHBJVb28p5Wqak1VjVTVyIIFC/o0miQJYP6gB5Bm2OPAkaOuH9EtG20EuCEJwGHAmUl2VNUt\n/RlRkjQRg0XDbj1wbJKj6YXKOcD7R69QVUfvvJzkOuCLxooktcVg0VCrqh1JLgJuB+YB11bVliSr\nuttXD3RASdKkGCwaelV1K3DrmGW7DZWq+kA/ZpIk7R0PupUkSc0zWCRJUvMMFkmS1DyDRZIkNc9g\nkSRJzTNYJElS8wwWSZLUPINFkiQ1z2CRJEnNM1gkSVLzDBZJktQ8g0WSJDXPYJEkSc0zWCRJUvMM\nFr1KklVJLhj0HJIk7TR/0AOoPVW1etAzSJI0mntY5ogkv5HkW0nuTfLHSeYl2Z7kvya5L8m6JId3\n616W5OLu8tLutk1JPp/kkCTHJLln1GMfO/q6JEnTzWCZA5IcB/wb4N1VtRR4CTgPOABYV1XHA3cC\nv72bu18PXFJV7wA2Ax+tqu8CzyZZ2q1zIfCpGX4akqQ5zGCZG04FTgTWJ7m3u/5W4EXgi906G4Gj\nRt8pyUHAwVX1tW7RnwDv6S5fA1yYZB69GPr0TD4BSdLcZrDMDQH+pKqWdl9vr6rLgJ9WVXXrvMTe\nHdN0E7Ac+BVgY1X9YFonliRpFINlbvi/wNlJ3gSQ5B8l+ccT3amqngWeSfKL3aLzga91t/0EuB24\nGl8OkiTNMN8lNAdU1QNJfhe4I8l+wE+BD010t+77bwKrk7weeJje8So7/RlwFnDHNI8sSdIrGCxz\nRFV9FvjsmMUHjrr9RuDG7uqhwPe65fcCJ4/zsKcAn6qql6Z3WkmSXslg0SskuRx4J3DZBOt9HjgG\neF8fxpIkzXEGi16hqn4P+L1JrHdWH8aRJAnwoFtJkjQLGCySJKl5BoskSWqewSJJkppnsEiSpOYZ\nLJIkqXkGiyRJap7BIkmSmmewSJKk5hksGnpJzkjyUJKtSS7dze3nJdmUZHOSu5IcP4g5JUnjM1g0\n1JLMA64ElgNLgHOTLBmz2iPAP6uqfwpcDqzp75SSpIkYLBp2JwFbq+rhqnoRuAFYMXqFqrqrqp7p\nrq4DjujzjJKkCRgsGnYLgcdGXd/WLRvPB4EvzehEkqS95qc1S50k76UXLKeMc/tKYCXAokWL+jiZ\nJMk9LBp2jwNHjrp+RLfsFZK8A7gGWFFVP9jdA1XVmqoaqaqRBQsWzMiwkqTdM1g07NYDxyY5Osn+\nwDnA2tErJFkE3AycX1XfGcCMkqQJ+JKQhlpV7UhyEXA7MA+4tqq2JFnV3b4a+H3gUOCqJAA7qmpk\nUDNLkl4tVTXoGaRZZ2RkpDZs2DDoMSRpVkmycar/IPQlIUmS1DyDRZIkNc9gkSRJzTNY5qAktyZ5\ny6DnkCRpsnyX0BxUVWcOegZJkvaGe1gkSVLzDBZJktQ8g0WSJDXPYJEkSc0zWCRJUvMMFkmS1DyD\nRZIkNc9gkSRJzTNYJElS8wwWSZLUPINFkiQ1z2CRJEnNM1gkSVLzDBZJktQ8g0WSJDXPYJEkSc0z\nWCRJUvMMFkmS1DyDRVOWZHsffsa/THLpTP8cSVLb5g96ACnJvKp6aXe3VdVaYG2fR5IkNcY9LJoW\nSf5jkvVJNiX52KjltyTZmGRLkpWjlm9P8vEk9wHvSvK3ST6W5J4km5Ms7tb7QJIrusvXJflkkruS\nPJzk7G75fkmuSvLtJF9OcuvO2yRJw8Fg0T5LcjpwLHASsBQ4Mcl7upt/q6pOBEaAjyQ5tFt+APBX\nVXV8VX2jW/Z0VZ0AXA1cPM6PezNwCvArwB90y34VOApYApwPvGu6npskqQ0Gi6bD6d3XXwP3AIvp\nBQz0IuU+YB1w5KjlLwE3jXmcm7vvG+kFyO7cUlUvV9UDwOHdslOAz3XL/w74yr49HUlSazyGRdMh\nwH+rqj9+xcJkGXAa8K6qei7JV4HXdjf/ZDfHrbzQfX+J8X83Xxh1OfsytCRp9nAPi6bD7cBvJTkQ\nIMnCJG8CDgKe6WJlMXDyDP38bwK/1h3LcjiwbIZ+jiRpQNzDon1WVXckOQ64OwnAduA3gNuAVUke\nBB6i97LQTLgJOBV4AHiM3stSz87Qz5IkDUCqatAzSPssyYFVtb07qPdbwLu741lmxMjISG3YsGGm\nHl6ShlKSjVU1MpX7uodFw+KLSQ4G9gcun8lYkST1n8GioVBVywY9gyRp5njQrSRJap7BoqGX5Iwk\nDyXZurvPJUrPJ7vbNyU5YRBzSpLGZ7BoqCWZB1wJLKd3JtxzkywZs9pyeie0OxZYSe9Mu5Kkhhgs\nGnYnAVur6uGqehG4AVgxZp0VwPXVsw44OMmb+z2oJGl8HnSrYbeQ3rlZdtoGvHMS6ywEvj96pe7D\nG3d+gOMLSe6f3lFnrcOApwc9RCPcFru4LXZxW+zy9qne0WCRJqmq1gBrAJJsmOq5BIaN22IXt8Uu\nbotd3Ba7JJnyCax8SUjD7nF6H7q40xHdsr1dR5I0QAaLht164NgkRyfZHzgHWDtmnbXABd27hU4G\nnq2q7499IEnS4PiSkIZaVe1IchG9D2icB1xbVVuSrOpuXw3cCpwJbAWeAy6cxEOvmaGRZyO3xS5u\ni13cFru4LXaZ8rbws4QkSVLzfElIkiQ1z2CRJEnNM1ikPfC0/rtMYluc122DzUnuSnL8IObsh4m2\nxaj1fj7JjiRn93O+fprMtkiyLMm9SbYk+Vq/Z+yXSfw/clCSv0hyX7ctJnO83KyT5NokT453rqop\n/92sKr/88ms3X/QO0v0u8FZgf+A+YMmYdc4EvgQEOBn4q0HPPcBt8QvAId3l5XN5W4xa7y/pHdR9\n9qDnHuDvxcHAA8Ci7vqbBj33ALfFfwL+sLu8APghsP+gZ5+BbfEe4ATg/nFun9LfTfewSOPztP67\nTLgtququqnqmu7qO3vlshtFkfi8APgzcBDzZz+H6bDLb4v3AzVX1KEBVDev2mMy2KOANSQIcSC9Y\ndvR3zJlXVXfSe27jmdLfTYNFGt94p+zf23WGwd4+zw/S+xfUMJpwWyRZCJzF8H+Q5mR+L94GHJLk\nq0k2Jrmgb9P112S2xRXAccATwGbgd6rq5f6M15Qp/d30PCySplWS99ILllMGPcsAfQK4pKpe7v1j\nek6bD5wInAq8Drg7ybqq+s5gxxqIXwLuBd4HHAN8OcnXq+pHgx1rdjBYpPF5Wv9dJvU8k7wDuAZY\nXlU/6NNs/TaZbTEC3NDFymHAmUl2VNUt/RmxbyazLbYBP6iqHwM/TnIncDwwbMEymW1xIfAH1TuQ\nY2uSR4DFwLf6M2IzpvR305eEpPF5Wv9dJtwWSRYBNwPnD/m/nifcFlV1dFUdVVVHATcC/3YIYwUm\n9//IF4BTksxP8np6n5b+YJ/n7IfJbItH6e1pIsnh9D65+OG+TtmGKf3ddA+LNI6audP6zzqT3Ba/\nDxwKXNXtWdhRQ/gJtZPcFnPCZLZFVT2Y5DZgE/AycE1V7fbtrrPZJH8vLgeuS7KZ3jtkLqmqpwc2\n9AxJ8hlgGXBYkm3AR4HXwL793fTU/JIkqXm+JCRJkppnsEiSpOYZLJIkqXkGiyRJap7BIkmSmmew\nSJKk5hkskiSpeQaLJElqnsEiSZKaZ7BIkqTmGSySJKl5BoumRZKPJHkwyeNJrphg3f+S5LR+zSZJ\nmv388ENNiyTfBk7rvkaq6qIBjyRJGiLuYdE+S7IaeCvwJeCQbtkbkjyS5DXd9TfuvJ7kuiRnd8v/\nNsnHktyTZHOSxd3yBUm+nGRLkmuSfC/JYQN6ipKkATNYtM+qahXwBPBe4Jlu2d8DXwV+uVvtHODm\nqvrpbh7i6ao6AbgauLhb9lHgL6vq54AbgUUz9gQkSc0zWDSTrgEu7C5fCHxqnPVu7r5vBI7qLp8C\n3ABQVbfRhZAkaW4yWDRjquqbwFFJlgHzqur+cVZ9ofv+EjC/H7NJkmYXg0Uz7Xrg04y/d2U83wT+\nNUCS0+mOjZEkzU0Gi2ban9GLjc/s5f0+Bpye5H7g14G/A/5+mmeTJM0Svq1ZM6p7N9CKqjp/L+/3\nM8BLVbUjybuAq6tq6YwMKUlqnscLaMYk+V/AcuDMKdx9EfDnSfYDXgR+ezpnkyTNLu5hkSRJzfMY\nFkmS1DyDRZIkNc9gkSRJzTNYJElS8wwWSZLUPINFkiQ1z2CRJEnNM1gkSVLzDJYhkuSyJBcPeg5J\nkqabwSJJkppnsMxySf5zku8k+Qbw9m7ZMUluS7IxydeTLO6WL0hyU5L13de7u+WXJfnTJHcn+Zsk\nfm6PJKkpfvjhLJbkROAcYCm9/5b3ABuBNcCqqvqbJO8ErgLeB/xP4I+q6htJFgG3A8d1D/cO4GTg\nAOCvk/yfqnqir09IkqRxGCyz2y8Cn6+q5wCSrAVeC/wC8LkkO9f7me77acCSUcvfmOTA7vIXqup5\n4PkkXwFOAm6Z+acgSdLEDJbhsx/w/6pq6Ti3nVxVPxm9sAuYsR/b7cd4S5Ka4TEss9udwL9K8rok\nbwD+BfAc8EiSXwdIz/Hd+ncAH9555ySjo2ZFktcmORRYBqzvxxOQJGkyDJZZrKruAT4L3Ad8iV2R\ncR7wwST3AVuAFd3yjwAjSTYleQBYNerhNgFfAdYBl3v8iiSpJalyz/9cl+QyYHtV/fdBzyJJ0u64\nh0WSJDXPPSyzQJIC/kdV/Yfu+sXAgVV12Xh7R5K8BGymd2D1g8Bv7nw3kSRJs417WGaHF4BfTXLY\nXtzn+apaWlX/BHiRVx6vIknSrGKwzA476J0M7t9N8f5fB352+saRJKm/DJbZ40rgvCQH7c2dkswH\nltN7eUiSpFnJE8fNElX1oyTX03tr8vOTuMvrktzbXf468L9nbDhJkmaYwTK7fILe5wV9ahLrPj/O\n2W4lSZp1fEloFqmqHwJ/Dnxw0LNIktRPBsvs83Fg7LuFfjfJtp1fgxhKkqSZ5HlYJElS89zDIkmS\nmmewSJKk5hkskiSpeQaLJElqnsEiSZKaZ7BIkqTmGSySJKl5BoskSWqewSJJkppnsEiSpOYZLJIk\nqXkGiyRJap7BIkmSmmewSJKk5hkskiSpeQaLJElqnsEiSZKaZ7BIkqTmGSySJKl5BoskSWqewSJJ\nkppnsEiSpOYZLJIkqXkGiyRJap7BIkmSmmewSJKk5hkskiSpeQaLJElqnsEiSZKaZ7BIkqTmGSyS\nJKl5BoskSWqewSJJkppnsEiSpOYZLJIkqXkGiyRJap7BIkmSmmewSJKk5hkskiSpeQaLJElqnsEi\nSZKaZ7BIkqTmGSySJKl5BoskSWqewSJJkppnsEiSpOYZLJIkqXkGiyRJap7BIkmSmmewSJKk5hks\nkiSpeQMPliTbBz2DJElq28CDRZIkaSIGiyRJap7BIkmSmmewSJKk5hkskiSpeQaLJElqnsEiSZKa\nl6oa9AySJEl75B4WSZLUPINFkiQ1z2CRJEnNM1gkSVLzDBZJktQ8g0WSJDXPYJEkSc0zWCRJUvP+\nP6P9xoZfdvqvAAAAAElFTkSuQmCC\n",
      "text/plain": [
       "<matplotlib.figure.Figure at 0x7f14c427e150>"
      ]
     },
     "metadata": {},
     "output_type": "display_data"
    },
    {
     "name": "stdout",
     "output_type": "stream",
     "text": [
      "done\n"
     ]
    }
   ],
   "source": [
    "import numpy as np\n",
    "la = np.linalg\n",
    "words = ['I', 'like', 'enjoy', 'deep', 'learning', 'NLP', 'flying', '.']\n",
    "X = np.array([[0,2,1,0,0,0,0,0],\n",
    "\t\t\t  [2,0,0,1,0,1,0,0],\n",
    "\t\t\t  [1,0,0,0,0,0,1,0],\n",
    "\t\t\t  [0,1,0,0,1,0,0,0],\n",
    "\t\t\t  [0,0,0,1,0,0,0,1],\n",
    "\t\t\t  [0,1,0,0,0,0,0,1],\n",
    "\t\t\t  [0,0,1,0,0,0,0,1],\n",
    "\t\t\t  [0,0,0,0,1,1,1,0]\n",
    "\t])\n",
    "\n",
    "U, s, Vh = la.svd(X, full_matrices=False)\n",
    "\n",
    "print 'U'\n",
    "print U\n",
    "print 's'\n",
    "print s\n",
    "print 'Vh'\n",
    "print Vh\n",
    "\n",
    "import matplotlib.pyplot as plt\n",
    "\n",
    "for i in xrange(len(words)):\n",
    "    plt.text(U[i,0], U[i,1], words[i])\n",
    "\n",
    "plt.show()\n",
    "\n",
    "print 'done'\n"
   ]
  },
  {
   "cell_type": "code",
   "execution_count": null,
   "metadata": {
    "collapsed": true
   },
   "outputs": [],
   "source": []
  }
 ],
 "metadata": {
  "kernelspec": {
   "display_name": "Python 2",
   "language": "python",
   "name": "python2"
  },
  "language_info": {
   "codemirror_mode": {
    "name": "ipython",
    "version": 2
   },
   "file_extension": ".py",
   "mimetype": "text/x-python",
   "name": "python",
   "nbconvert_exporter": "python",
   "pygments_lexer": "ipython2",
   "version": "2.7.13"
  }
 },
 "nbformat": 4,
 "nbformat_minor": 2
}
